0 -20.0 1.0 2.7734375 3.3612960638 4.11109733582 1.89791464806 5.85023641586 1.38130187988
1 -19.6 1.0 2.7734375 3.36048563706 4.11109733582 1.89791464806 5.85023641586 1.38130187988
2 -19.2 1.0 2.7734375 3.35579560866 4.10004234314 1.89658164978 5.8436293602 1.37046813965
3 -18.8 1.0 2.7578125 3.3469568405 4.08793640137 1.89803695679 5.81727743149 1.37351989746
4 -18.4 1.0 2.7578125 3.33892227855 4.08793640137 1.88722229004 5.81727743149 1.37351989746
5 -18.0 1.0 2.7578125 3.33527646966 4.08793640137 1.88722229004 5.81727743149 1.37351989746
6 -17.6 1.0 2.7578125 3.33215205559 4.08793640137 1.88044714928 5.81727743149 1.36274719238
7 -17.2 1.0 2.75 3.32797200516 4.07635593414 1.88187599182 5.80079841614 1.36962890625
8 -16.8 1.0 2.7421875 3.31962970368 4.06477499008 1.8872833252 5.78431844711 1.36573791504
9 -16.4 1.0 2.7421875 3.30987810365 4.06477499008 1.8765296936 5.78431844711 1.36573791504
10 -16.0 1.0 2.7421875 3.30182717405 4.06477499008 1.87316143513 5.78431844711 1.36038208008
11 -15.6 1.0 2.734375 3.29790145017 4.05319452286 1.8711835146 5.76783895493 1.36184692383
12 -15.2 1.0 2.7265625 3.29547469184 4.04161405563 1.86583733559 5.75135946274 1.35795593262
13 -14.8 1.0 2.7265625 3.29032528806 4.04161405563 1.86991453171 5.75135946274 1.34730529785
14 -14.4 1.0 2.7265625 3.28174690063 4.04161405563 1.85913896561 5.75135946274 1.34730529785
15 -14.0 1.0 2.7109375 3.28185806853 4.01845312119 1.85514473915 5.71840047836 1.3501739502
16 -13.6 1.0 2.7109375 3.27296924983 4.01845312119 1.85514473915 5.71840047836 1.3501739502
17 -13.2 1.0 2.7109375 3.2641117641 4.01845312119 1.84848499298 5.71840047836 1.33958435059
18 -12.8 1.0 2.6953125 3.25552410878 4.00603532791 1.84445238113 5.69186210632 1.34239196777
19 -12.4 1.0 2.6953125 3.24833407547 3.99529194832 1.84114158154 5.68544149399 1.33712768555
20 -12.0 1.0 2.6796875 3.22751656379 3.99349355698 1.8337597847 5.66524982452 1.33460998535
21 -11.6 1.0 2.6796875 3.22992358395 3.97213077545 1.83776688576 5.65248203278 1.32414245605
22 -11.2 1.0 2.671875 3.21740002387 3.96055030823 1.82513165474 5.63600254059 1.32550048828
23 -10.8 1.0 2.6640625 3.20811492245 3.94896960258 1.82503890991 5.65196084976 1.32162475586
24 -10.4 1.0 2.6640625 3.19838534807 3.94896960258 1.81652259827 5.6195230484 1.31642150879
25 -10.0 1.0 2.6484375 3.1876395112 3.92580842972 1.81633520126 5.61881160736 1.30870056152
26 -9.6 1.0 2.640625 3.17629243145 3.91422796249 1.81097733974 5.60223722458 1.30484008789
27 -9.2 1.0 2.6328125 3.16241443256 3.90264749527 1.80041694641 5.58566236496 1.30097961426
28 -8.8 1.0 2.6171875 3.14535968249 3.9003508091 1.79292678833 5.56481981277 1.29837036133
29 -8.4 1.0 2.6015625 3.12702468348 3.87706518173 1.78734362125 5.53159713745 1.29061889648
30 -8.0 1.0 2.6015625 3.11573283278 3.85632514954 1.77390623093 5.48768663406 1.28553771973
31 -7.6 1.0 2.5859375 3.09540755362 3.83316397667 1.7632522583 5.48621416092 1.27781677246
32 -7.2 1.0 2.5703125 3.06385781079 3.81000304222 1.75259804726 5.45306491852 1.2700958252
33 -6.8 1.0 2.5546875 3.06075550281 3.80720806122 1.75513923168 5.43192863464 1.26736450195
34 -6.4 1.0 2.5390625 3.03390378215 3.78392243385 1.73128986359 5.39870595932 1.25465393066
35 -6.0 1.0 2.5234375 2.99874614792 3.74051952362 1.72063589096 5.35361719131 1.2469329834
36 -5.6 1.0 2.4921875 2.98028986941 3.71406531334 1.70917677879 5.32922744751 1.23149108887
37 -5.2 1.0 2.4765625 2.94571604074 3.69077968597 1.68867349625 5.26581478119 1.2237701416
38 -4.8 1.0 2.4453125 2.90632033482 3.65395545959 1.67702937126 5.23466444016 1.20832824707
39 -4.4 1.0 2.4296875 2.87711755582 3.62092256546 1.6507422924 5.16614627838 1.19111633301
40 -4.0 1.0 2.3984375 2.84027410266 3.57435131073 1.6324570179 5.12875509262 1.18048095703
41 -3.6 1.0 2.3671875 2.79596202949 3.52777981758 1.60827946663 5.06193065643 1.16047668457
42 -3.2 1.0 2.3203125 2.7448518291 3.47642064095 1.5821325779 4.97246074677 1.14656066895
43 -2.8 1.0 2.2890625 2.69337887645 3.41135144234 1.55520105362 4.89487028122 1.12217712402
44 -2.4 1.0 2.2421875 2.62906328417 3.3504319191 1.52335381508 4.79983568192 1.0991973877
45 -2.0 1.0 2.1796875 2.56071731921 3.26572847366 1.48523139954 4.69736814499 1.06855773926
46 -1.6 1.0 2.1171875 2.48337166582 3.18896579742 1.43842816353 4.57236814499 1.03791809082
47 -1.2 1.0 2.0546875 2.38699025084 3.07844662666 1.39091777802 4.42798519135 0.999252319336
48 -0.8 1.0 1.96875 2.29129862545 2.96538519859 1.33274245262 4.27540016174 0.957458496094
49 -0.4 1.0 1.8671875 2.17863845712 2.82729434967 1.26398992538 4.06327486038 0.908065795898
50 0.0 1.0 1.7578125 2.05660969357 2.66167879105 1.18994855881 3.84622430801 0.854873657227
51 0.4 1.0 1.6328125 1.9108071608 2.47240400314 1.10532999039 3.59218978882 0.794082641602
52 0.8 1.0 1.50390625 1.7504203883 2.27721405029 1.0143725872 3.30859565735 0.725517272949
53 1.2 1.0 1.37890625 1.60030446621 2.08793926239 0.923864662647 3.03359556198 0.659828186035
54 1.6 1.0 1.27734375 1.49616173609 1.94433641434 0.858420014381 2.83092188835 0.611228942871
55 2.0 1.0 1.26953125 1.51074122078 1.94256520271 0.853169679642 2.83408617973 0.607490539551
56 2.4 1.0 1.48046875 1.7974470774 2.25352740288 0.988895535469 3.28109908104 0.708427429199
57 2.8 1.0 1.9921875 2.51857272567 3.01656937599 1.34616136551 4.35905408859 0.964965820312
58 3.2 1.0 2.6640625 3.53494506089 3.97020769119 1.81652259827 5.66448831558 1.31642150879
59 3.6 1.0 3.140625 4.23920108831 4.63034629822 2.14918804169 6.57137537003 1.5641784668
60 4.0 1.0 3.359375 4.52914051325 4.95285797119 2.30546951294 6.9879693985 1.6731262207
61 4.4 1.0 3.453125 4.61740831645 5.06354856491 2.36303758621 7.16610002518 1.71981811523
62 4.8 1.0 3.484375 4.60832773204 5.10937261581 2.38442230225 7.2309513092 1.73538208008
63 5.2 1.0 3.484375 4.56160735121 5.13715028763 2.39298248291 7.24798679352 1.74899291992
64 5.6 1.0 3.484375 4.54987553811 5.13715028763 2.38870239258 7.24798679352 1.7421875
65 6.0 1.0 3.453125 4.50916519037 5.09107732773 2.3849568367 7.22524356842 1.73330688477
66 6.4 1.0 3.453125 4.44613990173 5.06354856491 2.36727905273 7.16610002518 1.7265625
67 6.8 1.0 3.421875 4.41028043773 5.04500389099 2.36337327957 7.15985631943 1.71762084961
68 7.2 1.0 3.390625 4.37579301712 5.02596139908 2.34590315819 7.11083555222 1.70855712891
69 7.6 1.0 3.390625 4.32907600731 4.9719004631 2.32859706879 7.03639650345 1.70193481445
70 8.0 1.0 3.359375 4.29454331025 4.95285797119 2.32020664215 6.9879693985 1.6862487793
71 8.4 1.0 3.328125 4.25908231661 4.93331670761 2.30266070366 6.97976016998 1.67706298828
72 8.8 1.0 3.328125 4.22307103734 4.90678501129 2.28567361832 6.92296504974 1.67056274414
73 9.2 1.0 3.296875 4.19320843104 4.86071157455 2.27704000473 6.8983092308 1.65487670898
74 9.6 1.0 3.296875 4.18593601384 4.86071157455 2.2642121315 6.85796070099 1.65487670898
75 10.0 1.0 3.265625 4.14082510838 4.81463861465 2.25545692444 6.83292245865 1.63919067383
76 10.4 1.0 3.265625 4.11170770356 4.81463861465 2.24275016785 6.79295635223 1.63919067383
77 10.8 1.0 3.25 4.10308981847 4.7916021347 2.24466514587 6.76045417786 1.63134765625
78 11.2 1.0 3.234375 4.06444098603 4.76856565475 2.23387336731 6.76753568649 1.62350463867
79 11.6 1.0 3.234375 4.05803458792 4.76856565475 2.22128868103 6.72795200348 1.62350463867
80 12.0 1.0 3.21875 4.04017118791 4.7455291748 2.21681976318 6.71514606476 1.61566162109
81 12.4 1.0 3.203125 4.0294569339 4.72249221802 2.21229028702 6.7021484375 1.60781860352
82 12.8 1.0 3.203125 3.99783242085 4.72249221802 2.19982671738 6.66294765472 1.60781860352
83 13.2 1.0 3.1875 3.99124371156 4.69945573807 2.19529724121 6.66945505142 1.59997558594
84 13.6 1.0 3.171875 3.98378183406 4.70170593262 2.19070672989 6.65207242966 1.59213256836
85 14.0 1.0 3.171875 3.95769480357 4.67641925812 2.19070672989 6.63676214218 1.59213256836
86 14.4 1.0 3.171875 3.97192744293 4.67641925812 2.17836523056 6.59794330597 1.59213256836
87 14.8 1.0 3.171875 3.94980208355 4.65113306046 2.17057275772 6.58243560791 1.57974243164
88 15.2 1.0 3.140625 3.92573085944 4.65538358688 2.1691236496 6.58653450012 1.5764465332
89 15.6 1.0 3.140625 3.93935928038 4.63034629822 2.1691236496 6.57137537003 1.5764465332
90 16.0 1.0 3.140625 3.91899845546 4.63034629822 2.15690326691 6.57137537003 1.5764465332
91 16.4 1.0 3.140625 3.90348030533 4.63034629822 2.15534591675 6.53293895721 1.5641784668
92 16.8 1.0 3.140625 3.89461839298 4.60530900955 2.14918804169 6.51758384705 1.5641784668
93 17.2 1.0 3.125 3.88315897966 4.60730981827 2.14233398438 6.53868198395 1.5625
94 17.6 1.0 3.125 3.88149967705 4.60730981827 2.14233398438 6.50043678284 1.5625
95 18.0 1.0 3.1171875 3.87781492682 4.59579133987 2.14306640625 6.52233505249 1.55859375
96 18.4 1.0 3.1171875 3.87168334747 4.59579133987 2.13697814941 6.52233505249 1.55859375
97 18.8 1.0 3.1015625 3.86316068061 4.57275485992 2.13611030579 6.48964166641 1.55683898926
98 19.2 1.0 3.1015625 3.85851063997 4.57275485992 2.13007616997 6.48964166641 1.55683898926
99 19.6 1.0 3.1015625 3.852553211 4.57275485992 2.13007616997 6.48964166641 1.55683898926
100 20.0 1.0 3.1015625 3.84995226144 4.57275485992 2.12626647949 6.48964166641 1.55078125
