0 -20.0 -2.5 3.359375 4.29454331025 4.95285797119 2.32020664215 6.9879693985 1.6862487793
1 -20.0 -2.25 3.328125 4.20934733939 4.88025283813 2.28158569336 6.90669345856 1.6640625
2 -20.0 -2.0 3.265625 4.14082510838 4.81463861465 2.25545692444 6.83292245865 1.63919067383
3 -20.0 -1.75 3.234375 4.06007406223 4.76856565475 2.23387336731 6.72795200348 1.62350463867
4 -20.0 -1.5 3.171875 3.98067514043 4.70170593262 2.19070672989 6.65207242966 1.59213256836
5 -20.0 -1.25 3.140625 3.91899845546 4.63034629822 2.15690326691 6.57137537003 1.5764465332
6 -20.0 -1.0 3.1015625 3.84995226144 4.57275485992 2.12626647949 6.48964166641 1.55078125
7 -20.0 -0.75 3.0546875 3.78372453049 4.50364542007 2.09788370132 6.39156150818 1.53330993652
8 -20.0 -0.5 3.015625 3.71336964962 4.44605398178 2.07105636597 6.30982780457 1.51370239258
9 -20.0 -0.25 2.9765625 3.66261880666 4.38846254349 2.048589468 6.22809457779 1.48246765137
10 -20.0 0.0 2.9296875 3.58808138891 4.3193526268 2.01632833481 6.13001394272 1.4591217041
11 -20.0 0.25 2.8828125 3.53165732064 4.27322530746 1.98756408691 6.08095026016 1.44140625
12 -20.0 0.5 2.8515625 3.47102114473 4.22690296173 1.96255946159 5.99767160416 1.42021179199
13 -20.0 0.75 2.8046875 3.41608325422 4.15741968155 1.9302983284 5.91615486145 1.39686584473
14 -20.0 1.0 2.7734375 3.3612960638 4.11109733582 1.89791464806 5.85023641586 1.38130187988
15 -20.0 1.25 2.7421875 3.30182717405 4.06477499008 1.87316143513 5.78431844711 1.36038208008
16 -20.0 1.5 2.7109375 3.26731003336 4.01845312119 1.85919857025 5.71840047836 1.33958435059
17 -20.0 1.75 2.6796875 3.22296857394 3.97213077545 1.82717680931 5.65248203278 1.32414245605
18 -20.0 2.0 2.6484375 3.1876395112 3.92580842972 1.81633520126 5.61881160736 1.30870056152
19 -20.0 2.25 2.6171875 3.15047481241 3.9003508091 1.79807841778 5.56481981277 1.29837036133
20 -20.0 2.5 2.6015625 3.11573283278 3.85632514954 1.77390623093 5.48768663406 1.28553771973
21 -18.0 -2.5 3.390625 4.37579301712 5.02596139908 2.34590315819 7.11083555222 1.70855712891
22 -18.0 -2.25 3.359375 4.29454331025 4.95285797119 2.32020664215 6.9879693985 1.6862487793
23 -18.0 -2.0 3.296875 4.1927784175 4.88699483871 2.27704000473 6.91422271729 1.65487670898
24 -18.0 -1.75 3.265625 4.11780918046 4.81463861465 2.25545692444 6.81293916702 1.63919067383
25 -18.0 -1.5 3.21875 4.04017118791 4.7455291748 2.21681976318 6.71514606476 1.61566162109
26 -18.0 -1.25 3.171875 3.97192744293 4.67641925812 2.17836523056 6.59794330597 1.59213256836
27 -18.0 -1.0 3.1171875 3.87781492682 4.59579133987 2.14306640625 6.52233505249 1.55859375
28 -18.0 -0.75 3.0703125 3.79842605618 4.52668190002 2.11311197281 6.42425489426 1.5291595459
29 -18.0 -0.5 3.0234375 3.73103504111 4.45757198334 2.08230400085 6.32617425919 1.51762390137
30 -18.0 -0.25 2.9765625 3.66387776172 4.38846254349 2.04638671875 6.22809457779 1.48828125
31 -18.0 0.0 2.9296875 3.58808137748 4.3193526268 2.01632833481 6.13001394272 1.4591217041
32 -18.0 0.25 2.8828125 3.52114793917 4.27322530746 1.9840669632 6.04584884644 1.43577575684
33 -18.0 0.5 2.8359375 3.45986381042 4.20374202728 1.95524597168 5.98207330704 1.41796875
34 -18.0 0.75 2.7890625 3.39646912733 4.1342587471 1.91954445839 5.88319587708 1.3890838623
35 -18.0 1.0 2.7578125 3.33527646966 4.08793640137 1.88722229004 5.81727743149 1.37351989746
36 -18.0 1.25 2.7265625 3.28174690063 4.04161405563 1.85913896561 5.75135946274 1.34730529785
37 -18.0 1.5 2.6796875 3.22751656379 3.99349355698 1.8337597847 5.66524982452 1.33460998535
38 -18.0 1.75 2.65625 3.19962527837 3.93738913536 1.82169318199 5.63538646698 1.31256103516
39 -18.0 2.0 2.6328125 3.15569582392 3.90264749527 1.7952144146 5.55360507965 1.30097961426
40 -18.0 2.25 2.6015625 3.11573283278 3.85632514954 1.77390623093 5.48768663406 1.28553771973
41 -18.0 2.5 2.5703125 3.06385781079 3.81000304222 1.75259804726 5.45306491852 1.2700958252
42 -16.0 -2.5 3.453125 4.44613990173 5.06354856491 2.36727905273 7.16610002518 1.7265625
43 -16.0 -2.25 3.421875 4.4016882523 5.01772451401 2.35005903244 7.10124826431 1.71762084961
44 -16.0 -2.0 3.359375 4.29454331025 4.95285797119 2.32020664215 6.9879693985 1.6862487793
45 -16.0 -1.75 3.296875 4.19019461776 4.87385320663 2.27704000473 6.90626621246 1.65487670898
46 -16.0 -1.5 3.265625 4.10212503338 4.78860473633 2.23873901367 6.77699041367 1.6328125
47 -16.0 -1.25 3.203125 3.99783242085 4.72249221802 2.19982671738 6.66294765472 1.60781860352
48 -16.0 -1.0 3.140625 3.91899845546 4.63034629822 2.15690326691 6.57137537003 1.5764465332
49 -16.0 -0.75 3.0859375 3.82253884523 4.54971837997 2.12158203125 6.45694828033 1.54296875
50 -16.0 -0.5 3.0390625 3.75392203584 4.48060846329 2.0871527195 6.35886764526 1.52546691895
51 -16.0 -0.25 2.9765625 3.67274299271 4.41219186783 2.05581116676 6.24246168137 1.49409484863
52 -16.0 0.0 2.9296875 3.58808144204 4.3193526268 2.01632833481 6.13001394272 1.4591217041
53 -16.0 0.25 2.8828125 3.51803830689 4.26173400879 1.9840669632 6.03889131546 1.43577575684
54 -16.0 0.5 2.8203125 3.43930499773 4.180580616 1.94105195999 5.94911384583 1.40464782715
55 -16.0 0.75 2.7734375 3.377242844 4.11109733582 1.9087908268 5.85023641586 1.38130187988
56 -16.0 1.0 2.7421875 3.30182717405 4.06477499008 1.87316143513 5.78431844711 1.36038208008
57 -16.0 1.25 2.6953125 3.25552410878 4.00603532791 1.84445238113 5.69186210632 1.34239196777
58 -16.0 1.5 2.6640625 3.2043798251 3.94896960258 1.82705116272 5.6195230484 1.31642150879
59 -16.0 1.75 2.6328125 3.15756451609 3.90264749527 1.7952144146 5.58566236496 1.30097961426
60 -16.0 2.0 2.6015625 3.11573283278 3.85632514954 1.77390623093 5.48768663406 1.28553771973
61 -16.0 2.25 2.5703125 3.070262938 3.81000304222 1.75259804726 5.45306491852 1.2700958252
62 -16.0 2.5 2.5390625 3.03390378215 3.78392243385 1.73128986359 5.39870595932 1.25465393066
63 -14.0 -2.5 3.484375 4.54987553811 5.13715028763 2.38870239258 7.24798679352 1.7421875
64 -14.0 -2.25 3.453125 4.4731427888 5.09107732773 2.3849568367 7.18298244476 1.73330688477
65 -14.0 -2.0 3.421875 4.37937509883 5.01772451401 2.35005903244 7.10124826431 1.71762084961
66 -14.0 -1.75 3.359375 4.29454331025 4.95285797119 2.32020664215 6.9879693985 1.6862487793
67 -14.0 -1.5 3.296875 4.19566111615 4.86071157455 2.27704000473 6.8983092308 1.65487670898
68 -14.0 -1.25 3.234375 4.06444098603 4.76856565475 2.23387336731 6.76753568649 1.62350463867
69 -14.0 -1.0 3.171875 3.95769480357 4.67641925812 2.19070672989 6.63676214218 1.59213256836
70 -14.0 -0.75 3.1015625 3.86568391509 4.57275485992 2.1421444416 6.48964166641 1.55683898926
71 -14.0 -0.5 3.0390625 3.76209912676 4.48060846329 2.09306526184 6.35886764526 1.52546691895
72 -14.0 -0.25 2.9921875 3.68377728783 4.41149902344 2.05128479004 6.26078796387 1.49609375
73 -14.0 0.0 2.9296875 3.58808155831 4.3193526268 2.01632833481 6.13001394272 1.4591217041
74 -14.0 0.25 2.8671875 3.4939972514 4.25006389618 1.9733133316 6.04799127579 1.42799377441
75 -14.0 0.5 2.8125 3.42257085788 4.16900014877 1.92464590073 5.93263435364 1.40075683594
76 -14.0 0.75 2.7578125 3.3442407287 4.08793640137 1.88722229004 5.81727743149 1.37351989746
77 -14.0 1.0 2.7109375 3.28185806853 4.01845312119 1.85514473915 5.71840047836 1.3501739502
78 -14.0 1.25 2.671875 3.21740002387 3.96055030823 1.82513165474 5.63600254059 1.32550048828
79 -14.0 1.5 2.6328125 3.16818315522 3.90264749527 1.80561947823 5.58566236496 1.30097961426
80 -14.0 1.75 2.6015625 3.11573283278 3.85632514954 1.77390623093 5.48768663406 1.28553771973
81 -14.0 2.0 2.5546875 3.05826637288 3.80720806122 1.75204014778 5.43192863464 1.26237487793
82 -14.0 2.25 2.5234375 3.01173037143 3.76063680649 1.73060846329 5.365483284 1.2469329834
83 -14.0 2.5 2.4921875 2.98028986941 3.71406531334 1.70917677879 5.32922744751 1.23149108887
84 -12.0 -2.5 3.484375 4.60832773204 5.10937261581 2.38442230225 7.2309513092 1.73538208008
85 -12.0 -2.25 3.484375 4.56272090505 5.13715028763 2.39298248291 7.24798679352 1.74899291992
86 -12.0 -2.0 3.453125 4.50916519037 5.09107732773 2.3849568367 7.22524356842 1.73330688477
87 -12.0 -1.75 3.421875 4.39275456102 5.04500389099 2.36337327957 7.11797809601 1.71762084961
88 -12.0 -1.5 3.359375 4.29454331025 4.95285797119 2.32020664215 6.9879693985 1.6862487793
89 -12.0 -1.25 3.296875 4.18593601384 4.86071157455 2.2642121315 6.85796070099 1.65487670898
90 -12.0 -1.0 3.21875 4.04017118791 4.7455291748 2.21681976318 6.71514606476 1.61566162109
91 -12.0 -0.75 3.140625 3.91899845546 4.63034629822 2.15690326691 6.57137537003 1.5764465332
92 -12.0 -0.5 3.0703125 3.79842605618 4.52668190002 2.11311197281 6.42425489426 1.5291595459
93 -12.0 -0.25 3.0078125 3.6903515172 4.43453550339 2.0700969696 6.29348134995 1.49803161621
94 -12.0 0.0 2.9296875 3.58808159395 4.3193526268 2.01632833481 6.13001394272 1.4591217041
95 -12.0 0.25 2.8671875 3.48684633711 4.227206707 1.96206951141 6.03433036804 1.42799377441
96 -12.0 0.5 2.7890625 3.39646912733 4.1342587471 1.91954445839 5.88319587708 1.3890838623
97 -12.0 0.75 2.7421875 3.30182717405 4.06477499008 1.87316143513 5.78431844711 1.36038208008
98 -12.0 1.0 2.6796875 3.22751656379 3.99349355698 1.8337597847 5.66524982452 1.33460998535
99 -12.0 1.25 2.640625 3.17629243145 3.91422796249 1.81097733974 5.60223722458 1.30484008789
100 -12.0 1.5 2.6015625 3.11573283278 3.85632514954 1.77390623093 5.48768663406 1.28553771973
101 -12.0 1.75 2.5703125 3.06733494466 3.81000304222 1.75259804726 5.45306491852 1.2700958252
102 -12.0 2.0 2.5234375 2.99874614792 3.74051952362 1.72063589096 5.35361719131 1.2469329834
103 -12.0 2.25 2.4765625 2.95291287477 3.69077968597 1.69846105576 5.29581546783 1.2237701416
104 -12.0 2.5 2.4453125 2.90632033482 3.65395545959 1.67702937126 5.23466444016 1.20832824707
105 -10.0 -2.5 3.359375 4.52914051325 4.95285797119 2.30546951294 6.9879693985 1.6731262207
106 -10.0 -2.25 3.453125 4.61162756577 5.09107732773 2.36727905273 7.18298244476 1.7265625
107 -10.0 -2.0 3.484375 4.61038678179 5.13715028763 2.39976119995 7.29063034058 1.74899291992
108 -10.0 -1.75 3.484375 4.54356746003 5.10937261581 2.39125442505 7.2309513092 1.73538208008
109 -10.0 -1.5 3.421875 4.43008016372 5.07228374481 2.36337327957 7.17637348175 1.71762084961
110 -10.0 -1.25 3.359375 4.29454331025 4.95285797119 2.32020664215 6.9879693985 1.6862487793
111 -10.0 -1.0 3.265625 4.14082510838 4.81463861465 2.25545692444 6.83292245865 1.63919067383
112 -10.0 -0.75 3.171875 3.98067514043 4.70170593262 2.19070672989 6.65207242966 1.59213256836
113 -10.0 -0.5 3.1015625 3.84995226144 4.57275485992 2.12626647949 6.48964166641 1.55078125
114 -10.0 -0.25 3.015625 3.71336964962 4.44605398178 2.07105636597 6.30982780457 1.51370239258
115 -10.0 0.0 2.9296875 3.58808176485 4.3193526268 2.01632833481 6.13001394272 1.4591217041
116 -10.0 0.25 2.8515625 3.47102114473 4.22690296173 1.96255946159 5.99767160416 1.42021179199
117 -10.0 0.5 2.7734375 3.3612960638 4.11109733582 1.89791464806 5.85023641586 1.38130187988
118 -10.0 0.75 2.7109375 3.26731003336 4.01845312119 1.85919857025 5.71840047836 1.33958435059
119 -10.0 1.0 2.6484375 3.1876395112 3.92580842972 1.81633520126 5.61881160736 1.30870056152
120 -10.0 1.25 2.6015625 3.11573283278 3.85632514954 1.77390623093 5.48768663406 1.28553771973
121 -10.0 1.5 2.5546875 3.05891697362 3.80720806122 1.75204014778 5.43192863464 1.26237487793
122 -10.0 1.75 2.5078125 2.98109899734 3.71735858917 1.70998167992 5.32046794891 1.23921203613
123 -10.0 2.0 2.4609375 2.93089686977 3.66749405861 1.68288230896 5.26240301132 1.21604919434
124 -10.0 2.25 2.4296875 2.87945702923 3.62092256546 1.65671133995 5.18086242676 1.2006072998
125 -10.0 2.5 2.3984375 2.84027410266 3.57435131073 1.6324570179 5.12875509262 1.18048095703
126 -8.0 -2.5 2.6640625 3.53494506089 3.97020769119 1.81652259827 5.66448831558 1.31642150879
127 -8.0 -2.25 3.1015625 4.19371775041 4.57275485992 2.13232421875 6.48964166641 1.55078125
128 -8.0 -2.0 3.359375 4.52914051325 4.95285797119 2.30546951294 6.9879693985 1.6731262207
129 -8.0 -1.75 3.453125 4.60859085504 5.09107732773 2.3849568367 7.22524356842 1.73330688477
130 -8.0 -1.5 3.484375 4.56272090505 5.13715028763 2.39298248291 7.24798679352 1.74899291992
131 -8.0 -1.25 3.453125 4.44613990173 5.06354856491 2.36727905273 7.16610002518 1.7265625
132 -8.0 -1.0 3.359375 4.29454331025 4.95285797119 2.32020664215 6.9879693985 1.6862487793
133 -8.0 -0.75 3.265625 4.10212503338 4.78860473633 2.23873901367 6.77699041367 1.6328125
134 -8.0 -0.5 3.140625 3.91899845546 4.63034629822 2.15690326691 6.57137537003 1.5764465332
135 -8.0 -0.25 3.0390625 3.75392203584 4.48060846329 2.0871527195 6.35886764526 1.52546691895
136 -8.0 0.0 2.9296875 3.5880819406 4.3193526268 2.01632833481 6.13001394272 1.4591217041
137 -8.0 0.25 2.8203125 3.43930499773 4.180580616 1.94105195999 5.94911384583 1.40464782715
138 -8.0 0.5 2.7421875 3.30182717405 4.06477499008 1.87316143513 5.78431844711 1.36038208008
139 -8.0 0.75 2.6640625 3.2043798251 3.94896960258 1.82705116272 5.6195230484 1.31642150879
140 -8.0 1.0 2.6015625 3.11573283278 3.85632514954 1.77390623093 5.48768663406 1.28553771973
141 -8.0 1.25 2.5390625 3.03390378215 3.78392243385 1.73128986359 5.39870595932 1.25465393066
142 -8.0 1.5 2.4765625 2.95291287477 3.69077968597 1.69846105576 5.29581546783 1.2237701416
143 -8.0 1.75 2.4453125 2.88792566008 3.64420819283 1.66135811806 5.1993689537 1.19877624512
144 -8.0 2.0 2.3984375 2.84027410266 3.57435131073 1.6324570179 5.12875509262 1.18048095703
145 -8.0 2.25 2.3671875 2.79194727211 3.52777981758 1.60827946663 5.03325510025 1.16047668457
146 -8.0 2.5 2.3203125 2.7448518291 3.47642064095 1.5821325779 4.97246074677 1.14656066895
147 -6.0 -2.5 1.48046875 1.7974470774 2.25352740288 0.988895535469 3.28109908104 0.708427429199
148 -6.0 -2.25 1.7890625 2.22944992638 2.70899748802 1.20670819283 3.93593978882 0.863082885742
149 -6.0 -2.0 2.3359375 3.03172762566 3.49983096123 1.58704805374 5.03409719467 1.14515686035
150 -6.0 -1.75 2.9609375 3.99053390707 4.38903093338 2.03783583641 6.24574565887 1.47468566895
151 -6.0 -1.5 3.359375 4.52914051325 4.95285797119 2.30546951294 6.9879693985 1.6731262207
152 -6.0 -1.25 3.484375 4.60832773204 5.10937261581 2.38442230225 7.2309513092 1.73538208008
153 -6.0 -1.0 3.453125 4.50916519037 5.09107732773 2.3849568367 7.22524356842 1.73330688477
154 -6.0 -0.75 3.359375 4.29454331025 4.95285797119 2.32020664215 6.9879693985 1.6862487793
155 -6.0 -0.5 3.21875 4.04017118791 4.7455291748 2.21681976318 6.71514606476 1.61566162109
156 -6.0 -0.25 3.0703125 3.79842605618 4.52668190002 2.11311197281 6.42425489426 1.5291595459
157 -6.0 0.0 2.9296875 3.58808225508 4.3193526268 2.01632833481 6.13001394272 1.4591217041
158 -6.0 0.25 2.7890625 3.39646912733 4.1342587471 1.91954445839 5.88319587708 1.3890838623
159 -6.0 0.5 2.6796875 3.22751656379 3.99349355698 1.8337597847 5.66524982452 1.33460998535
160 -6.0 0.75 2.6015625 3.11573283278 3.85632514954 1.77390623093 5.48768663406 1.28553771973
161 -6.0 1.0 2.5234375 2.99874614792 3.74051952362 1.72063589096 5.35361719131 1.2469329834
162 -6.0 1.25 2.4453125 2.90632033482 3.65395545959 1.67702937126 5.23466444016 1.20832824707
163 -6.0 1.5 2.3984375 2.84027410266 3.57435131073 1.6324570179 5.12875509262 1.18048095703
164 -6.0 1.75 2.3515625 2.77115133006 3.50449419022 1.59766387939 5.02851867676 1.15281677246
165 -6.0 2.0 2.3046875 2.71902323971 3.45301032066 1.56581664085 4.93897628784 1.12983703613
166 -6.0 2.25 2.2734375 2.66969768449 3.38806581497 1.54458522797 4.86145830154 1.11451721191
167 -6.0 2.5 2.2421875 2.62906328417 3.3504319191 1.52335381508 4.79983568192 1.0991973877
168 -4.0 -2.5 1.27734375 1.49616173609 1.94433641434 0.858420014381 2.83092188835 0.611228942871
169 -4.0 -2.25 1.2578125 1.48073651685 1.91460645199 0.845294296741 2.7876355648 0.60188293457
170 -4.0 -2.0 1.26953125 1.51074122078 1.94256520271 0.853169679642 2.83408617973 0.607490539551
171 -4.0 -1.75 1.38671875 1.67704063022 2.11635136604 0.931923866272 3.09273600578 0.663566589355
172 -4.0 -1.5 1.7890625 2.22944992638 2.70899748802 1.20670819283 3.93593978882 0.863082885742
173 -4.0 -1.25 2.6640625 3.53494506089 3.97020769119 1.81652259827 5.66448831558 1.31642150879
174 -4.0 -1.0 3.359375 4.52914051325 4.95285797119 2.30546951294 6.9879693985 1.6731262207
175 -4.0 -0.75 3.484375 4.56272090505 5.13715028763 2.39298248291 7.24798679352 1.74899291992
176 -4.0 -0.5 3.359375 4.29454331025 4.95285797119 2.32020664215 6.9879693985 1.6862487793
177 -4.0 -0.25 3.140625 3.91899845546 4.63034629822 2.15690326691 6.57137537003 1.5764465332
178 -4.0 0.0 2.9296875 3.58808288911 4.3193526268 2.01632833481 6.13001394272 1.4591217041
179 -4.0 0.25 2.7421875 3.30182717405 4.06477499008 1.87316143513 5.78431844711 1.36038208008
180 -4.0 0.5 2.6015625 3.11573283278 3.85632514954 1.77390623093 5.48768663406 1.28553771973
181 -4.0 0.75 2.4765625 2.95291287477 3.69077968597 1.69846105576 5.29581546783 1.2237701416
182 -4.0 1.0 2.3984375 2.84027410266 3.57435131073 1.6324570179 5.12875509262 1.18048095703
183 -4.0 1.25 2.3203125 2.7448518291 3.47642064095 1.5821325779 4.97246074677 1.14656066895
184 -4.0 1.5 2.2734375 2.66969768449 3.38806581497 1.54458522797 4.86145830154 1.11451721191
185 -4.0 1.75 2.2265625 2.61176819534 3.33595919609 1.51273822784 4.77155303955 1.09153747559
186 -4.0 2.0 2.1796875 2.56071731921 3.26572847366 1.48523139954 4.69736814499 1.06855773926
187 -4.0 2.25 2.1484375 2.51649902461 3.21890807152 1.45965957642 4.63002252579 1.05323791504
188 -4.0 2.5 2.1171875 2.48337166582 3.18896579742 1.43842816353 4.57236814499 1.03791809082
189 -2.0 -2.5 1.50390625 1.7504203883 2.27721405029 1.0143725872 3.30859565735 0.725517272949
190 -2.0 -2.25 1.4765625 1.71639135376 2.23581027985 0.992944121361 3.2484395504 0.712326049805
191 -2.0 -2.0 1.44140625 1.6723727859 2.18257665634 0.968675732613 3.17109560966 0.689735412598
192 -2.0 -1.75 1.39453125 1.62300288636 2.11159849167 0.937174081802 3.08460307121 0.667304992676
193 -2.0 -1.5 1.33984375 1.55725191749 2.02879071236 0.897692859173 2.96363830566 0.641136169434
194 -2.0 -1.25 1.27734375 1.49616173609 1.94433641434 0.858420014381 2.83092188835 0.611228942871
195 -2.0 -1.0 1.26953125 1.51074122078 1.94256520271 0.853169679642 2.83408617973 0.607490539551
196 -2.0 -0.75 1.7890625 2.22944992638 2.70899748802 1.20670819283 3.93593978882 0.863082885742
197 -2.0 -0.5 3.359375 4.52914051325 4.95285797119 2.30546951294 6.9879693985 1.6731262207
198 -2.0 -0.25 3.359375 4.29454331025 4.95285797119 2.32020664215 6.9879693985 1.6862487793
199 -2.0 0.0 2.9296875 3.58808471178 4.3193526268 2.01632833481 6.13001394272 1.4591217041
200 -2.0 0.25 2.6015625 3.11573283278 3.85632514954 1.77390623093 5.48768663406 1.28553771973
201 -2.0 0.5 2.3984375 2.84027410266 3.57435131073 1.6324570179 5.12875509262 1.18048095703
202 -2.0 0.75 2.2734375 2.66969768449 3.38806581497 1.54458522797 4.86145830154 1.11451721191
203 -2.0 1.0 2.1796875 2.56071731921 3.26572847366 1.48523139954 4.69736814499 1.06855773926
204 -2.0 1.25 2.1171875 2.48337166582 3.18896579742 1.43842816353 4.57236814499 1.03791809082
205 -2.0 1.5 2.078125 2.41773373683 3.11356186867 1.40933632851 4.47849416733 1.01470947266
206 -2.0 1.75 2.0390625 2.38164139334 3.05503630638 1.38284504414 4.41888570786 0.995635986328
207 -2.0 2.0 2.0078125 2.34159988664 3.02422237396 1.36411833763 4.36022949219 0.984298706055
208 -2.0 2.25 1.9921875 2.31547849117 2.98480558395 1.3486084938 4.2932934761 0.968856811523
209 -2.0 2.5 1.96875 2.29129862545 2.96538519859 1.33274245262 4.27540016174 0.957458496094
210 0.0 -2.5 1.7578125 2.05660969357 2.66167879105 1.18994855881 3.84622430801 0.854873657227
211 0.0 -2.25 1.7578125 2.05660969357 2.66167879105 1.18994855881 3.84622430801 0.854873657227
212 0.0 -2.0 1.7578125 2.05660969357 2.66167879105 1.18994855881 3.84622430801 0.854873657227
213 0.0 -1.75 1.7578125 2.05660969357 2.66167879105 1.18994855881 3.84622430801 0.854873657227
214 0.0 -1.5 1.7578125 2.05660969357 2.66167879105 1.18994855881 3.84622430801 0.854873657227
215 0.0 -1.25 1.7578125 2.05660969357 2.66167879105 1.18994855881 3.84622430801 0.854873657227
216 0.0 -1.0 1.7578125 2.05660969357 2.66167879105 1.18994855881 3.84622430801 0.854873657227
217 0.0 -0.75 1.7578125 2.05660969357 2.66167879105 1.18994855881 3.84622430801 0.854873657227
218 0.0 -0.5 1.7578125 2.05660969357 2.66167879105 1.18994855881 3.84622430801 0.854873657227
219 0.0 -0.25 1.7578125 2.05660969357 2.66167879105 1.18994855881 3.84622430801 0.854873657227
220 0.0 0.0 1.7578125 2.05660969357 2.66167879105 1.18994855881 3.84622430801 0.854873657227
221 0.0 0.25 1.7578125 2.05660969357 2.66167879105 1.18994855881 3.84622430801 0.854873657227
222 0.0 0.5 1.7578125 2.05660969357 2.66167879105 1.18994855881 3.84622430801 0.854873657227
223 0.0 0.75 1.7578125 2.05660969357 2.66167879105 1.18994855881 3.84622430801 0.854873657227
224 0.0 1.0 1.7578125 2.05660969357 2.66167879105 1.18994855881 3.84622430801 0.854873657227
225 0.0 1.25 1.7578125 2.05660969357 2.66167879105 1.18994855881 3.84622430801 0.854873657227
226 0.0 1.5 1.7578125 2.05660969357 2.66167879105 1.18994855881 3.84622430801 0.854873657227
227 0.0 1.75 1.7578125 2.05660969357 2.66167879105 1.18994855881 3.84622430801 0.854873657227
228 0.0 2.0 1.7578125 2.05660969357 2.66167879105 1.18994855881 3.84622430801 0.854873657227
229 0.0 2.25 1.7578125 2.05660969357 2.66167879105 1.18994855881 3.84622430801 0.854873657227
230 0.0 2.5 1.7578125 2.05660969357 2.66167879105 1.18994855881 3.84622430801 0.854873657227
231 2.0 -2.5 1.96875 2.29129862545 2.96538519859 1.33274245262 4.27540016174 0.957458496094
232 2.0 -2.25 1.9921875 2.31547849117 2.98480558395 1.3486084938 4.2932934761 0.968856811523
233 2.0 -2.0 2.0078125 2.34159988664 3.02422237396 1.36411833763 4.36022949219 0.984298706055
234 2.0 -1.75 2.0390625 2.38164139334 3.05503630638 1.38284504414 4.41888570786 0.995635986328
235 2.0 -1.5 2.078125 2.41773373683 3.11356186867 1.40933632851 4.47849416733 1.01470947266
236 2.0 -1.25 2.1171875 2.48337166582 3.18896579742 1.43842816353 4.57236814499 1.03791809082
237 2.0 -1.0 2.1796875 2.56071731921 3.26572847366 1.48523139954 4.69736814499 1.06855773926
238 2.0 -0.75 2.2734375 2.66969768449 3.38806581497 1.54458522797 4.86145830154 1.11451721191
239 2.0 -0.5 2.3984375 2.84027410266 3.57435131073 1.6324570179 5.12875509262 1.18048095703
240 2.0 -0.25 2.6015625 3.11573283278 3.85632514954 1.77390623093 5.48768663406 1.28553771973
241 2.0 0.0 2.9296875 3.58809475925 4.3193526268 2.01632833481 6.13001394272 1.4591217041
242 2.0 0.25 3.359375 4.29454331025 4.95285797119 2.32020664215 6.9879693985 1.6862487793
243 2.0 0.5 3.359375 4.52914051325 4.95285797119 2.30546951294 6.9879693985 1.6731262207
244 2.0 0.75 1.7890625 2.22944992638 2.70899748802 1.20670819283 3.93593978882 0.863082885742
245 2.0 1.0 1.26953125 1.51074122078 1.94256520271 0.853169679642 2.83408617973 0.607490539551
246 2.0 1.25 1.27734375 1.49616173609 1.94433641434 0.858420014381 2.83092188835 0.611228942871
247 2.0 1.5 1.33984375 1.55725191749 2.02879071236 0.897692859173 2.96363830566 0.641136169434
248 2.0 1.75 1.39453125 1.62300288636 2.11159849167 0.937174081802 3.08460307121 0.667304992676
249 2.0 2.0 1.44140625 1.6723727859 2.18257665634 0.968675732613 3.17109560966 0.689735412598
250 2.0 2.25 1.4765625 1.71639135376 2.23581027985 0.992944121361 3.2484395504 0.712326049805
251 2.0 2.5 1.50390625 1.7504203883 2.27721405029 1.0143725872 3.30859565735 0.725517272949
252 4.0 -2.5 2.1171875 2.48337166582 3.18896579742 1.43842816353 4.57236814499 1.03791809082
253 4.0 -2.25 2.1484375 2.51649902461 3.21890807152 1.45965957642 4.63002252579 1.05323791504
254 4.0 -2.0 2.1796875 2.56071731921 3.26572847366 1.48523139954 4.69736814499 1.06855773926
255 4.0 -1.75 2.2265625 2.61176819534 3.33595919609 1.51273822784 4.77155303955 1.09153747559
256 4.0 -1.5 2.2734375 2.66969768449 3.38806581497 1.54458522797 4.86145830154 1.11451721191
257 4.0 -1.25 2.3203125 2.7448518291 3.47642064095 1.5821325779 4.97246074677 1.14656066895
258 4.0 -1.0 2.3984375 2.84027410266 3.57435131073 1.6324570179 5.12875509262 1.18048095703
259 4.0 -0.75 2.4765625 2.95291287477 3.69077968597 1.69846105576 5.29581546783 1.2237701416
260 4.0 -0.5 2.6015625 3.11573283278 3.85632514954 1.77390623093 5.48768663406 1.28553771973
261 4.0 -0.25 2.7421875 3.30182717405 4.06477499008 1.87316143513 5.78431844711 1.36038208008
262 4.0 0.0 2.9296875 3.58807914349 4.3193526268 2.01632833481 6.13001394272 1.4591217041
263 4.0 0.25 3.140625 3.91899845546 4.63034629822 2.15690326691 6.57137537003 1.5764465332
264 4.0 0.5 3.359375 4.29454331025 4.95285797119 2.32020664215 6.9879693985 1.6862487793
265 4.0 0.75 3.484375 4.56272090505 5.13715028763 2.39298248291 7.24798679352 1.74899291992
266 4.0 1.0 3.359375 4.52914051325 4.95285797119 2.30546951294 6.9879693985 1.6731262207
267 4.0 1.25 2.6640625 3.53494506089 3.97020769119 1.81652259827 5.66448831558 1.31642150879
268 4.0 1.5 1.7890625 2.22944992638 2.70899748802 1.20670819283 3.93593978882 0.863082885742
269 4.0 1.75 1.38671875 1.67704063022 2.11635136604 0.931923866272 3.09273600578 0.663566589355
270 4.0 2.0 1.26953125 1.51074122078 1.94256520271 0.853169679642 2.83408617973 0.607490539551
271 4.0 2.25 1.2578125 1.48073651685 1.91460645199 0.845294296741 2.7876355648 0.60188293457
272 4.0 2.5 1.27734375 1.49616173609 1.94433641434 0.858420014381 2.83092188835 0.611228942871
273 6.0 -2.5 2.2421875 2.62906328417 3.3504319191 1.52335381508 4.79983568192 1.0991973877
274 6.0 -2.25 2.2734375 2.66969768449 3.38806581497 1.54458522797 4.86145830154 1.11451721191
275 6.0 -2.0 2.3046875 2.71902323971 3.45301032066 1.56581664085 4.93897628784 1.12983703613
276 6.0 -1.75 2.3515625 2.77115133006 3.50449419022 1.59766387939 5.02851867676 1.15281677246
277 6.0 -1.5 2.3984375 2.84027410266 3.57435131073 1.6324570179 5.12875509262 1.18048095703
278 6.0 -1.25 2.4453125 2.90632033482 3.65395545959 1.67702937126 5.23466444016 1.20832824707
279 6.0 -1.0 2.5234375 2.99874614792 3.74051952362 1.72063589096 5.35361719131 1.2469329834
280 6.0 -0.75 2.6015625 3.11573283278 3.85632514954 1.77390623093 5.48768663406 1.28553771973
281 6.0 -0.5 2.6796875 3.22751656379 3.99349355698 1.8337597847 5.66524982452 1.33460998535
282 6.0 -0.25 2.7890625 3.39646912733 4.1342587471 1.91954445839 5.88319587708 1.3890838623
283 6.0 0.0 2.9296875 3.58807980291 4.3193526268 2.01632833481 6.13001394272 1.4591217041
284 6.0 0.25 3.0703125 3.79842605618 4.52668190002 2.11311197281 6.42425489426 1.5291595459
285 6.0 0.5 3.21875 4.04017118791 4.7455291748 2.21681976318 6.71514606476 1.61566162109
286 6.0 0.75 3.359375 4.29454331025 4.95285797119 2.32020664215 6.9879693985 1.6862487793
287 6.0 1.0 3.453125 4.50916519037 5.09107732773 2.3849568367 7.22524356842 1.73330688477
288 6.0 1.25 3.484375 4.60832773204 5.10937261581 2.38442230225 7.2309513092 1.73538208008
289 6.0 1.5 3.359375 4.52914051325 4.95285797119 2.30546951294 6.9879693985 1.6731262207
290 6.0 1.75 2.9609375 3.99053390707 4.38903093338 2.03783583641 6.24574565887 1.47468566895
291 6.0 2.0 2.3359375 3.03172762566 3.49983096123 1.58704805374 5.03409719467 1.14515686035
292 6.0 2.25 1.7890625 2.22944992638 2.70899748802 1.20670819283 3.93593978882 0.863082885742
293 6.0 2.5 1.48046875 1.7974470774 2.25352740288 0.988895535469 3.28109908104 0.708427429199
294 8.0 -2.5 2.3203125 2.7448518291 3.47642064095 1.5821325779 4.97246074677 1.14656066895
295 8.0 -2.25 2.3671875 2.79194727211 3.52777981758 1.60827946663 5.03325510025 1.16047668457
296 8.0 -2.0 2.3984375 2.84027410266 3.57435131073 1.6324570179 5.12875509262 1.18048095703
297 8.0 -1.75 2.4453125 2.88792566008 3.64420819283 1.66135811806 5.1993689537 1.19877624512
298 8.0 -1.5 2.4765625 2.95291287477 3.69077968597 1.69846105576 5.29581546783 1.2237701416
299 8.0 -1.25 2.5390625 3.03390378215 3.78392243385 1.73128986359 5.39870595932 1.25465393066
300 8.0 -1.0 2.6015625 3.11573283278 3.85632514954 1.77390623093 5.48768663406 1.28553771973
301 8.0 -0.75 2.6640625 3.2043798251 3.94896960258 1.82705116272 5.6195230484 1.31642150879
302 8.0 -0.5 2.7421875 3.30182717405 4.06477499008 1.87316143513 5.78431844711 1.36038208008
303 8.0 -0.25 2.8203125 3.43930499773 4.180580616 1.94105195999 5.94911384583 1.40464782715
304 8.0 0.0 2.9296875 3.58808005033 4.3193526268 2.01632833481 6.13001394272 1.4591217041
305 8.0 0.25 3.0390625 3.75392203584 4.48060846329 2.0871527195 6.35886764526 1.52546691895
306 8.0 0.5 3.140625 3.91899845546 4.63034629822 2.15690326691 6.57137537003 1.5764465332
307 8.0 0.75 3.265625 4.10212503338 4.78860473633 2.23873901367 6.77699041367 1.6328125
308 8.0 1.0 3.359375 4.29454331025 4.95285797119 2.32020664215 6.9879693985 1.6862487793
309 8.0 1.25 3.453125 4.44613990173 5.06354856491 2.36727905273 7.16610002518 1.7265625
310 8.0 1.5 3.484375 4.56272090505 5.13715028763 2.39298248291 7.24798679352 1.74899291992
311 8.0 1.75 3.453125 4.60859085504 5.09107732773 2.3849568367 7.22524356842 1.73330688477
312 8.0 2.0 3.359375 4.52914051325 4.95285797119 2.30546951294 6.9879693985 1.6731262207
313 8.0 2.25 3.1015625 4.19371775041 4.57275485992 2.13232421875 6.48964166641 1.55078125
314 8.0 2.5 2.6640625 3.53494506089 3.97020769119 1.81652259827 5.66448831558 1.31642150879
315 10.0 -2.5 2.3984375 2.84027410266 3.57435131073 1.6324570179 5.12875509262 1.18048095703
316 10.0 -2.25 2.4296875 2.87945702923 3.62092256546 1.65671133995 5.18086242676 1.2006072998
317 10.0 -2.0 2.4609375 2.93089686977 3.66749405861 1.68288230896 5.26240301132 1.21604919434
318 10.0 -1.75 2.5078125 2.98109899734 3.71735858917 1.70998167992 5.32046794891 1.23921203613
319 10.0 -1.5 2.5546875 3.05891697362 3.80720806122 1.75204014778 5.43192863464 1.26237487793
320 10.0 -1.25 2.6015625 3.11573283278 3.85632514954 1.77390623093 5.48768663406 1.28553771973
321 10.0 -1.0 2.6484375 3.1876395112 3.92580842972 1.81633520126 5.61881160736 1.30870056152
322 10.0 -0.75 2.7109375 3.26731003336 4.01845312119 1.85919857025 5.71840047836 1.33958435059
323 10.0 -0.5 2.7734375 3.3612960638 4.11109733582 1.89791464806 5.85023641586 1.38130187988
324 10.0 -0.25 2.8515625 3.47102114473 4.22690296173 1.96255946159 5.99767160416 1.42021179199
325 10.0 0.0 2.9296875 3.58808028348 4.3193526268 2.01632833481 6.13001394272 1.4591217041
326 10.0 0.25 3.015625 3.71336964962 4.44605398178 2.07105636597 6.30982780457 1.51370239258
327 10.0 0.5 3.1015625 3.84995226144 4.57275485992 2.12626647949 6.48964166641 1.55078125
328 10.0 0.75 3.171875 3.98067514043 4.70170593262 2.19070672989 6.65207242966 1.59213256836
329 10.0 1.0 3.265625 4.14082510838 4.81463861465 2.25545692444 6.83292245865 1.63919067383
330 10.0 1.25 3.359375 4.29454331025 4.95285797119 2.32020664215 6.9879693985 1.6862487793
331 10.0 1.5 3.421875 4.43008016372 5.07228374481 2.36337327957 7.17637348175 1.71762084961
332 10.0 1.75 3.484375 4.54356746003 5.10937261581 2.39125442505 7.2309513092 1.73538208008
333 10.0 2.0 3.484375 4.61038678179 5.13715028763 2.39976119995 7.29063034058 1.74899291992
334 10.0 2.25 3.453125 4.61162756577 5.09107732773 2.36727905273 7.18298244476 1.7265625
335 10.0 2.5 3.359375 4.52914051325 4.95285797119 2.30546951294 6.9879693985 1.6731262207
336 12.0 -2.5 2.4453125 2.90632033482 3.65395545959 1.67702937126 5.23466444016 1.20832824707
337 12.0 -2.25 2.4765625 2.95291287477 3.69077968597 1.69846105576 5.29581546783 1.2237701416
338 12.0 -2.0 2.5234375 2.99874614792 3.74051952362 1.72063589096 5.35361719131 1.2469329834
339 12.0 -1.75 2.5703125 3.06733494466 3.81000304222 1.75259804726 5.45306491852 1.2700958252
340 12.0 -1.5 2.6015625 3.11573283278 3.85632514954 1.77390623093 5.48768663406 1.28553771973
341 12.0 -1.25 2.640625 3.17629243145 3.91422796249 1.81097733974 5.60223722458 1.30484008789
342 12.0 -1.0 2.6796875 3.22751656379 3.99349355698 1.8337597847 5.66524982452 1.33460998535
343 12.0 -0.75 2.7421875 3.30182717405 4.06477499008 1.87316143513 5.78431844711 1.36038208008
344 12.0 -0.5 2.7890625 3.39646912733 4.1342587471 1.91954445839 5.88319587708 1.3890838623
345 12.0 -0.25 2.8671875 3.48684633711 4.227206707 1.96206951141 6.03433036804 1.42799377441
346 12.0 0.0 2.9296875 3.58808040144 4.3193526268 2.01632833481 6.13001394272 1.4591217041
347 12.0 0.25 3.0078125 3.6903515172 4.43453550339 2.0700969696 6.29348134995 1.49803161621
348 12.0 0.5 3.0703125 3.79842605618 4.52668190002 2.11311197281 6.42425489426 1.5291595459
349 12.0 0.75 3.140625 3.91899845546 4.63034629822 2.15690326691 6.57137537003 1.5764465332
350 12.0 1.0 3.21875 4.04017118791 4.7455291748 2.21681976318 6.71514606476 1.61566162109
351 12.0 1.25 3.296875 4.18593601384 4.86071157455 2.2642121315 6.85796070099 1.65487670898
352 12.0 1.5 3.359375 4.29454331025 4.95285797119 2.32020664215 6.9879693985 1.6862487793
353 12.0 1.75 3.421875 4.39275456102 5.04500389099 2.36337327957 7.11797809601 1.71762084961
354 12.0 2.0 3.453125 4.50916519037 5.09107732773 2.3849568367 7.22524356842 1.73330688477
355 12.0 2.25 3.484375 4.56272090505 5.13715028763 2.39298248291 7.24798679352 1.74899291992
356 12.0 2.5 3.484375 4.60832773204 5.10937261581 2.38442230225 7.2309513092 1.73538208008
357 14.0 -2.5 2.4921875 2.98028986941 3.71406531334 1.70917677879 5.32922744751 1.23149108887
358 14.0 -2.25 2.5234375 3.01173037143 3.76063680649 1.73060846329 5.365483284 1.2469329834
359 14.0 -2.0 2.5546875 3.05826637288 3.80720806122 1.75204014778 5.43192863464 1.26237487793
360 14.0 -1.75 2.6015625 3.11573283278 3.85632514954 1.77390623093 5.48768663406 1.28553771973
361 14.0 -1.5 2.6328125 3.16818315522 3.90264749527 1.80561947823 5.58566236496 1.30097961426
362 14.0 -1.25 2.671875 3.21740002387 3.96055030823 1.82513165474 5.63600254059 1.32550048828
363 14.0 -1.0 2.7109375 3.28185806853 4.01845312119 1.85514473915 5.71840047836 1.3501739502
364 14.0 -0.75 2.7578125 3.3442407287 4.08793640137 1.88722229004 5.81727743149 1.37351989746
365 14.0 -0.5 2.8125 3.42257085788 4.16900014877 1.92464590073 5.93263435364 1.40075683594
366 14.0 -0.25 2.8671875 3.4939972514 4.25006389618 1.9733133316 6.04799127579 1.42799377441
367 14.0 0.0 2.9296875 3.58808047455 4.3193526268 2.01632833481 6.13001394272 1.4591217041
368 14.0 0.25 2.9921875 3.68377728783 4.41149902344 2.05128479004 6.26078796387 1.49609375
369 14.0 0.5 3.0390625 3.76209912676 4.48060846329 2.09306526184 6.35886764526 1.52546691895
370 14.0 0.75 3.1015625 3.86568391509 4.57275485992 2.1421444416 6.48964166641 1.55683898926
371 14.0 1.0 3.171875 3.95769480357 4.67641925812 2.19070672989 6.63676214218 1.59213256836
372 14.0 1.25 3.234375 4.06444098603 4.76856565475 2.23387336731 6.76753568649 1.62350463867
373 14.0 1.5 3.296875 4.19566111615 4.86071157455 2.27704000473 6.8983092308 1.65487670898
374 14.0 1.75 3.359375 4.29454331025 4.95285797119 2.32020664215 6.9879693985 1.6862487793
375 14.0 2.0 3.421875 4.37937509883 5.01772451401 2.35005903244 7.10124826431 1.71762084961
376 14.0 2.25 3.453125 4.4731427888 5.09107732773 2.3849568367 7.18298244476 1.73330688477
377 14.0 2.5 3.484375 4.54987553811 5.13715028763 2.38870239258 7.24798679352 1.7421875
378 16.0 -2.5 2.5390625 3.03390378215 3.78392243385 1.73128986359 5.39870595932 1.25465393066
379 16.0 -2.25 2.5703125 3.070262938 3.81000304222 1.75259804726 5.45306491852 1.2700958252
380 16.0 -2.0 2.6015625 3.11573283278 3.85632514954 1.77390623093 5.48768663406 1.28553771973
381 16.0 -1.75 2.6328125 3.15756451609 3.90264749527 1.7952144146 5.58566236496 1.30097961426
382 16.0 -1.5 2.6640625 3.2043798251 3.94896960258 1.82705116272 5.6195230484 1.31642150879
383 16.0 -1.25 2.6953125 3.25552410878 4.00603532791 1.84445238113 5.69186210632 1.34239196777
384 16.0 -1.0 2.7421875 3.30182717405 4.06477499008 1.87316143513 5.78431844711 1.36038208008
385 16.0 -0.75 2.7734375 3.377242844 4.11109733582 1.9087908268 5.85023641586 1.38130187988
386 16.0 -0.5 2.8203125 3.43930499773 4.180580616 1.94105195999 5.94911384583 1.40464782715
387 16.0 -0.25 2.8828125 3.51803830689 4.26173400879 1.9840669632 6.03889131546 1.43577575684
388 16.0 0.0 2.9296875 3.58808052564 4.3193526268 2.01632833481 6.13001394272 1.4591217041
389 16.0 0.25 2.9765625 3.67274299271 4.41219186783 2.05581116676 6.24246168137 1.49409484863
390 16.0 0.5 3.0390625 3.75392203584 4.48060846329 2.0871527195 6.35886764526 1.52546691895
391 16.0 0.75 3.0859375 3.82253884523 4.54971837997 2.12158203125 6.45694828033 1.54296875
392 16.0 1.0 3.140625 3.91899845546 4.63034629822 2.15690326691 6.57137537003 1.5764465332
393 16.0 1.25 3.203125 3.99783242085 4.72249221802 2.19982671738 6.66294765472 1.60781860352
394 16.0 1.5 3.265625 4.10212503338 4.78860473633 2.23873901367 6.77699041367 1.6328125
395 16.0 1.75 3.296875 4.19019461776 4.87385320663 2.27704000473 6.90626621246 1.65487670898
396 16.0 2.0 3.359375 4.29454331025 4.95285797119 2.32020664215 6.9879693985 1.6862487793
397 16.0 2.25 3.421875 4.4016882523 5.01772451401 2.35005903244 7.10124826431 1.71762084961
398 16.0 2.5 3.453125 4.44613990173 5.06354856491 2.36727905273 7.16610002518 1.7265625
399 18.0 -2.5 2.5703125 3.06385781079 3.81000304222 1.75259804726 5.45306491852 1.2700958252
400 18.0 -2.25 2.6015625 3.11573283278 3.85632514954 1.77390623093 5.48768663406 1.28553771973
401 18.0 -2.0 2.6328125 3.15569582392 3.90264749527 1.7952144146 5.55360507965 1.30097961426
402 18.0 -1.75 2.65625 3.19962527837 3.93738913536 1.82169318199 5.63538646698 1.31256103516
403 18.0 -1.5 2.6796875 3.22751656379 3.99349355698 1.8337597847 5.66524982452 1.33460998535
404 18.0 -1.25 2.7265625 3.28174690063 4.04161405563 1.85913896561 5.75135946274 1.34730529785
405 18.0 -1.0 2.7578125 3.33527646966 4.08793640137 1.88722229004 5.81727743149 1.37351989746
406 18.0 -0.75 2.7890625 3.39646912733 4.1342587471 1.91954445839 5.88319587708 1.3890838623
407 18.0 -0.5 2.8359375 3.45986381042 4.20374202728 1.95524597168 5.98207330704 1.41796875
408 18.0 -0.25 2.8828125 3.52114793917 4.27322530746 1.9840669632 6.04584884644 1.43577575684
409 18.0 0.0 2.9296875 3.58808061118 4.3193526268 2.01632833481 6.13001394272 1.4591217041
410 18.0 0.25 2.9765625 3.66387776172 4.38846254349 2.04638671875 6.22809457779 1.48828125
411 18.0 0.5 3.0234375 3.73103504111 4.45757198334 2.08230400085 6.32617425919 1.51762390137
412 18.0 0.75 3.0703125 3.79842605618 4.52668190002 2.11311197281 6.42425489426 1.5291595459
413 18.0 1.0 3.1171875 3.87781492682 4.59579133987 2.14306640625 6.52233505249 1.55859375
414 18.0 1.25 3.171875 3.97192744293 4.67641925812 2.17836523056 6.59794330597 1.59213256836
415 18.0 1.5 3.21875 4.04017118791 4.7455291748 2.21681976318 6.71514606476 1.61566162109
416 18.0 1.75 3.265625 4.11780918046 4.81463861465 2.25545692444 6.81293916702 1.63919067383
417 18.0 2.0 3.296875 4.1927784175 4.88699483871 2.27704000473 6.91422271729 1.65487670898
418 18.0 2.25 3.359375 4.29454331025 4.95285797119 2.32020664215 6.9879693985 1.6862487793
419 18.0 2.5 3.390625 4.37579301712 5.02596139908 2.34590315819 7.11083555222 1.70855712891
420 20.0 -2.5 2.6015625 3.11573283278 3.85632514954 1.77390623093 5.48768663406 1.28553771973
421 20.0 -2.25 2.6171875 3.15047481241 3.9003508091 1.79807841778 5.56481981277 1.29837036133
422 20.0 -2.0 2.6484375 3.1876395112 3.92580842972 1.81633520126 5.61881160736 1.30870056152
423 20.0 -1.75 2.6796875 3.22296857394 3.97213077545 1.82717680931 5.65248203278 1.32414245605
424 20.0 -1.5 2.7109375 3.26731003336 4.01845312119 1.85919857025 5.71840047836 1.33958435059
425 20.0 -1.25 2.7421875 3.30182717405 4.06477499008 1.87316143513 5.78431844711 1.36038208008
426 20.0 -1.0 2.7734375 3.3612960638 4.11109733582 1.89791464806 5.85023641586 1.38130187988
427 20.0 -0.75 2.8046875 3.41608325422 4.15741968155 1.9302983284 5.91615486145 1.39686584473
428 20.0 -0.5 2.8515625 3.47102114473 4.22690296173 1.96255946159 5.99767160416 1.42021179199
429 20.0 -0.25 2.8828125 3.53165732064 4.27322530746 1.98756408691 6.08095026016 1.44140625
430 20.0 0.0 2.9296875 3.58808065164 4.3193526268 2.01632833481 6.13001394272 1.4591217041
431 20.0 0.25 2.9765625 3.66261880666 4.38846254349 2.048589468 6.22809457779 1.48246765137
432 20.0 0.5 3.015625 3.71336964962 4.44605398178 2.07105636597 6.30982780457 1.51370239258
433 20.0 0.75 3.0546875 3.78372453049 4.50364542007 2.09788370132 6.39156150818 1.53330993652
434 20.0 1.0 3.1015625 3.84995226144 4.57275485992 2.12626647949 6.48964166641 1.55078125
435 20.0 1.25 3.140625 3.91899845546 4.63034629822 2.15690326691 6.57137537003 1.5764465332
436 20.0 1.5 3.171875 3.98067514043 4.70170593262 2.19070672989 6.65207242966 1.59213256836
437 20.0 1.75 3.234375 4.06007406223 4.76856565475 2.23387336731 6.72795200348 1.62350463867
438 20.0 2.0 3.265625 4.14082510838 4.81463861465 2.25545692444 6.83292245865 1.63919067383
439 20.0 2.25 3.328125 4.20934733939 4.88025283813 2.28158569336 6.90669345856 1.6640625
440 20.0 2.5 3.359375 4.29454331025 4.95285797119 2.32020664215 6.9879693985 1.6862487793
